1676
4533
3715
149
2090
2406
455
2607
2162
1843
2583
3674
130
1726
2059
2205
3170
4974
822
963
3261
485
4520
4258
2299
2786
4388
3914
1812
2825
4331
355
1841
788
3703
554
4117
3051
998
3373
2948
178
173
4066
4306
2851
3199
3507
1116
1933
4394
869
3454
2783
478
1628
4412
4249
715
2553
2271
1594
4281
1677
2761
3121
332
1857
633
1580
1392
4995
1889
909
1122
4996
3272
1068
2822
1276
4352
2425
4417
1643
3850
2625
3240
2676
399
4183
308
2861
2598
2946
4485
1557
2383
2644
4856
3426
2510
3501
1760
1245
2347
3511
4518
4683
3878
1138
3649
3521
566
3001
4826
3059
223
1477
4449
3152
3849
3049
1482
1248
322
4519
409
2075
263
4933
3495
385
145
4050
3432
4317
1754
902
4214
4057
2739
2621
3847
4560
4615
2682
871
4116
4263
2628
65
3030
2779
41
2574
548
4889
1529
3379
4125
1164
3971
2470
2416
3312
4406
522
934
4466
3692
811
922
4756
3151
4723
2918
3083
722
4115
1388
1965
3245
2294
1649
3973
1396
4765
2513
3709
1199
1106
656
3020
454
1864
4978
3957
500
4781
2965
3872
2476
1720
3157
1414
1518
4878
3652
13
1886
2459
3374
1759
4369
2835
2370
4070
3234
2613
767
3231
3252
2475
727
1784
1970
3773
2708
3336
1412
2407
3038
138
1961
1426
1394
474
1909
4507
3015
930
1647
583
4956
3997
3418
142
3391
2999
114
4962
4295
2044
1655
1528
3546
2688
1455
6
4837
3838
4091
3290
2053
4471
1917
4921
3390
4431
2465
44
1325
266
2905
1814
4350
1335
3987
4745
4090
2120
4641
684
4541
1475
755
4725
2735
4919
1698
4414
730
4782
885
2661
4105
2389
1610
164
735
978
2454
2371
3050
3590
1408
3515
1728
3929
3738
86
4841
201
4981
159
2446
903
4225
2310
3358
3523
207
412
842
4455
747
3278
804
2696
2686
734
4655
1357
936
4056
3564
646
3182
671
2076
1029
2249
1100
147
2906
3647
957
926
3605
2313
175
1855
2853
4873
3455
4404
4563
2497
724
1778
1434
2409
389
4998
993
1251
3024
2726
910
2596
338
2304
3795
1727
3062
1707
232
892
4554
236
4319
4806
162
3628
3939
3249
4600
1768
3614
158
4126
4877
1467
904
1807
1868
4715
2904
794
2144
151
3724
3071
3928
353
4497
3732
4130
131
3629
3516
1753
3325
862
2326
916
2311
1111
612
1876
1166
370
4913
4631
509
2535
1329
2651
4735
775
4131
4121
2292
1560
1533
4323
4487
3620
18
3279
3129
593
2524
2374
3369
1693
3990
3469
2792
3552
1823
4408
1681
2499
4910
618
2277
4347
2705
1198
1722
2667
4391
3210
1156
4833
2528
330
160
1230
3345
1463
1585
4703
831
2612
1464
402
4553
3893
4850
3980
3158
135
3854
4397
1654
4320
2458
3510
2196
3221
1960
4827
2057
882
4748
4395
2693
2684
4652
1878
1586
2534
4154
404
2115
1595
4259
3203
2198
2449
2892
4223
3430
2669
852
115
4869
1630
3123
2397
2858
4614
319
483
2010
4083
1266
1154
657
2452
1364
965
466
1337
3618
3177
1077
4845
77
324
4361
1006
1387
257
1206
3874
37
268
2021
1510
3428
3499
3625
581
4028
2166
368
1952
4124
3200
2808
1379
1859
1020
961
2703
3735
380
4060
1092
2180
4376
3528
4926
705
1395
2269
108
4472
4671
3801
1317
2135
458
1258
2760
3717
4048
1588
4576
2600
1208
1367
1901
341
713
4407
796
393
2584
4880
3468
231
4866
1370
1819
1777
3700
1075
4670
3864
3416
3706
4859
3395
806
3594
2814
3353
1918
4589
615
4948
3639
45
3963
213
3028
112
3543
1837
2033
3127
988
553
949
3817
1377
3758
3889
1764
3662
4602
2953
203
1773
2312
1086
1636
1062
2081
2702
1180
2329
4721
1934
1685
59
751
1186
2723
46
3342
1099
4972
2731
2139
3367
729
2030
1706
1184
761
3789
4240
4196
3781
4381
4610
134
3134
2242
4815
2616
3477
874
4561
3361
4923
4222
4500
2680
3184
4885
1265
1050
3044
1998
4261
1444
2773
2624
3482
3341
461
4069
2843
4343
1351
2303
4260
1225
2797
1826
3259
2606
3132
1127
1005
2020
652
111
1502
1858
818
2599
1217
204
4678
339
1409
4659
1214
1165
2344
853
495
2630
4810
3097
39
1979
2641
2878
3601
3691
3010
3739
2722
2492
1609
1149
4902
4248
935
3861
375
3798
1682
971
1835
2052
450
1374
4155
1147
307
1775
605
3604
3616
3246
2082
4159
832
4941
4354
2715
3109
2978
3896
1094
2934
3577
1856
2456
4662
1696
2970
2200
212
4434
3116
1209
674
2219
4430
3736
653
898
3180
1721
3043
586
167
2886
2571
1730
3034
2385
456
1336
639
3554
3696
1522
4547
1816
1095
312
4029
1545
4324
1724
2776
3999
4676
4096
1789
2258
3962
1429
238
3756
1043
3142
819
3667
2395
3045
4059
3470
61
3068
4271
1589
1596
2901
4482
141
3115
4221
34
642
4688
498
3174
3145
2222
4865
3217
1742
864
1406
686
2042
1614
519
2576
4717
1027
1
3351
291
3945
1253
2462
4242
81
1713
4927
3176
2716
3858
4538
4446
1969
4664
2298
769
836
109
2732
3892
3421
113
4512
1284
3567
140
1583
880
3761
3693
1870
328
1121
4257
2966
3273
3474
2208
996
1037
2868
4002
3992
318
2757
4118
1710
3529
2756
3362
195
1831
3143
4077
2768
4200
3248
1437
3332
4212
2206
3429
1523
4007
3785
4528
4277
2634
956
1169
4291
1499
3728
4484
557
2230
1290
3606
3096
2489
4707
1883
1358
2127
4521
4349
3968
2511
1039
2579
3147
1513
4318
1070
2884
4474
4896
3366
4620
3282
1483
1968
3453
376
1656
103
640
1046
1073
4986
4729
2177
3479
50
1445
20
88
3779
513
2765
4230
1229
4053
4162
4351
75
517
3886
1703
3424
1757
1625
1729
4811
3713
3357
821
2048
3175
1160
2828
91
4084
2388
1430
4014
4322
3949
4776
4784
185
2322
1617
2564
714
4149
1640
4639
598
787
1955
3183
2315
2876
635
2546
662
4479
28
4027
2320
1065
3873
2817
1988
3205
3037
1516
1949
4846
4626
364
1213
1915
3090
2877
1709
1239
3787
3509
4302
1982
374
2996
2565
668
762
1044
856
4374
760
2439
887
357
2355
2047
4527
2433
3940
446
3857
2984
3947
2910
1552
4874
354
571
3720
1087
31
1853
4197
4134
920
4072
1485
2605
4080
3179
2428
1645
260
4015
4165
247
1128
4732
2787
3490
3398
4502
1665
3500
4364
4853
1621
2280
4025
4938
603
1427
4899
573
538
3668
2769
4771
384
783
544
4301
4338
4052
4714
2211
3898
3694
1202
4488
3337
4640
4371
1356
4491
3827
3836
497
107
4107
1612
4918
4447
4509
1038
4109
4516
4179
3168
4672
3092
2500
3075
3657
73
4005
371
3148
529
906
569
4243
1865
1978
1078
3173
1450
876
895
690
4123
1428
4328
704
725
883
3232
1839
2746
2494
1863
4767
3211
1003
3769
826
1543
2255
4448
1572
1659
3651
1821
629
4755
26
1474
4413
1683
1673
2872
4436
3637
3974
1741
865
3592
4854
1987
1535
3754
1820
1885
2995
3108
3916
3378
1097
2175
1172
1118
1651
29
2016
4945
2789
3765
2665
2432
2391
1879
687
1738
2334
3445
3087
2743
4303
3641
2061
2491
1347
2261
3583
4800
3172
1250
2236
2657
4952
176
403
436
4976
2252
4039
3141
4120
3401
1312
3640
3985
1983
1666
301
3890
4580
1323
3710
2697
1850
1032
4386
4308
2001
3927
2555
1718
3902
209
3315
2514
2050
2060
2362
2062
2582
3018
3155
1833
1568
2747
4969
4909
1252
2197
4217
4993
1345
558
2253
1846
2036
4250
3136
2928
3788
2770
4190
85
2585
2460
891
4730
4824
1505
3436
2572
3442
326
4004
2164
4673
1195
709
974
1460
2745
4622
1524
960
2146
2656
396
3566
3750
2827
379
510
1512
2066
3220
3658
4930
3931
4758
2852
1913
4871
737
2372
4836
3206
4288
3019
2997
2184
3270
452
527
3464
1804
3144
2908
4597
3079
2392
4216
886
4329
1893
3489
1581
4247
4113
4189
2573
3417
3150
2464
3835
2472
3
4567
4508
1008
3843
859
2842
2203
4199
721
4593
1401
1992
3626
1378
749
2026
3960
4119
2887
516
3882
4813
3733
2813
830
1491
4418
3076
1287
1822
2990
595
2664
3446
2296
2364
4095
3040
1178
778
2611
651
4174
4330
3943
855
1421
2551
4473
829
1313
3520
4957
3790
3106
2610
3289
4739
770
4951
2353
955
4184
2266
1679
255
280
655
1083
1055
4734
3306
1384
2949
2463
2248
2401
3568
4534
870
2790
4016
520
3427
3099
211
2339
4839
2338
56
267
1007
1271
4911
2011
1256
283
531
2405
97
4030
3863
3370
2719
4153
3759
3550
2846
3192
3478
1232
567
3747
4653
1436
123
177
1691
4366
4245
1423
565
1143
4055
2671
3125
2168
3326
1803
4953
972
4994
2922
3753
1200
477
2748
3012
837
311
2896
2078
1956
1767
2701
3110
4988
2142
3859
1133
546
1220
848
2435
1873
2916
271
451
499
4499
2443
1478
191
1629
4141
2751
3884
3197
4529
3074
695
2314
1041
3653
3595
4656
4555
4132
4273
2023
1260
214
293
679
388
248
17
4556
2350
3726
2174
3107
3508
2183
14
4685
4201
3955
2002
4907
689
1779
4106
609
4779
4791
4098
624
4409
10
694
422
1590
4747
427
3198
2015
2707
2913
3755
286
2014
4459
3964
3688
860
1433
893
1036
3318
430
4265
2802
1515
3025
2226
4892
2272
2040
4726
506
614
382
1642
3181
3751
781
3052
1439
1191
1504
2566
4691
2404
3742
866
4490
726
619
4034
4750
4564
4092
2824
2024
1771
4954
2043
3250
1234
2367
3912
1866
4079
4575
1320
3749
1454
2122
1830
1608
3298
2096
944
1763
543
30
1238
2971
199
411
4705
4897
3778
746
515
4045
4129
407
3434
2423
973
3845
2830
4456
2521
4584
3406
2323
4770
1747
514
3776
825
2295
3689
918
408
320
1174
3483
2
277
4355
3671
1641
1872
2094
4313
2763
252
1500
2070
561
914
2257
2095
1793
1486
3264
1501
4695
3005
2293
3274
221
4278
1216
127
2954
2215
1894
3440
2337
83
2431
849
1193
793
1787
4731
1521
4268
1871
4696
1187
1798
1285
4198
3704
3229
4968
4284
1262
1197
296
1459
1575
2614
4310
265
3905
2668
3238
38
4724
1222
4882
2328
4207
3745
4379
1525
4961
4708
3572
2506
264
4504
2005
3333
659
3262
3317
1805
3002
2920
3444
2679
4181
333
707
2710
4375
1405
702
834
2176
1994
4601
4101
4522
4073
3684
989
2240
584
4852
2974
3122
110
3031
4621
4428
969
3423
3519
4616
923
1298
3661
2807
3355
3809
555
2618
481
3149
4220
1371
1652
1332
3009
2711
437
3047
2478
980
1813
743
4226
3991
4097
1030
4463
4020
2332
2803
64
3942
827
1274
4143
292
1451
4372
433
305
932
3906
2983
3439
3807
438
931
2007
3656
3494
3936
4051
1945
3536
3718
3463
4194
2586
4761
1382
3846
1223
710
3663
1391
1861
823
1555
2994
4646
3796
4031
2871
3986
1458
4661
1310
2034
2530
540
2942
3296
439
3016
4888
3451
1536
3681
3851
4881
4451
2129
744
3117
537
2957
2890
3140
3665
488
3449
1829
2101
157
4300
986
665
1506
3862
1954
2980
4270
535
2126
310
1403
4170
2883
2713
1834
776
3998
3032
4150
4227
2662
4486
682
2149
1985
2352
2925
3813
3780
4875
4559
1194
2847
1066
3226
4635
3324
3163
329
881
3537
4494
2119
3831
3938
979
2796
2687
2055
4887
3098
1794
4006
1748
1484
4416
233
3124
2121
1579
1800
3191
1261
1380
4233
625
2165
3120
2429
2838
4321
3457
4166
1124
4267
3560
479
2108
3348
4496
2981
2487
4094
139
739
3638
2532
847
4797
2133
3891
839
2262
899
3826
3257
756
1119
3613
1224
3415
763
3534
2486
3086
678
994
2666
4736
2285
4099
3645
2689
4001
4980
4692
1016
3885
3266
4188
3349
1836
2542
1770
2950
251
2721
1526
4677
3156
1063
1132
1257
3227
1018
3897
3666
2173
1383
183
476
342
2549
1582
25
3855
1593
169
3368
325
3772
358
4617
1349
3000
4151
3422
523
780
2933
3254
2595
861
3979
2156
365
3839
3607
3636
4901
2821
2400
549
2683
2967
4102
4743
927
664
3719
2482
3672
3506
2089
3988
4817
2525
4790
2069
1081
1330
4868
786
728
1574
2192
390
240
3597
1022
4062
3350
1461
155
2891
2138
1587
3881
1076
3961
1667
1899
3458
119
2468
636
4741
2217
667
4754
4578
4365
349
4297
1910
4205
3803
4722
4718
4694
4158
2919
2962
4984
3487
890
1465
3610
4043
1170
4238
4363
3965
2368
2049
4244
4842
1152
1735
4864
4467
440
4076
4828
4422
4396
3026
3923
3544
901
4356
1400
4147
2900
2019
3346
4283
3496
4420
1315
2369
493
3712
23
68
2503
4171
1334
4311
220
1067
708
3230
766
3263
1058
2923
2117
800
2911
4256
1785
4191
2834
410
1644
4752
2250
3946
666
2179
4269
3518
441
669
3006
4234
1618
48
3067
4840
4900
2185
2519
336
3548
658
3242
3913
2265
3677
3617
2880
3488
1852
3443
2604
2300
4772
4286
3471
4872
3553
2380
1341
4568
3877
2736
2490
1113
4186
186
3578
21
190
386
3213
1591
294
711
1503
3920
4140
144
2863
3171
626
1556
4531
1182
1795
2958
3236
547
4483
4924
2648
2927
4997
383
2438
3937
197
1684
1112
377
3328
3959
1470
3323
2654
1210
2998
4138
3322
181
1743
1750
1765
1301
1604
464
9
1125
229
60
2056
4292
2187
3559
2345
453
1788
11
3673
3867
1931
643
2158
1079
249
2434
3300
741
2509
1393
309
3133
4775
4419
460
367
4905
3670
4557
2091
4666
799
2132
3069
1117
4700
2017
2823
1921
3811
4760
2414
4710
1657
3707
3046
3356
958
2829
35
1189
1577
2695
1368
1973
2917
1080
992
3402
2940
1928
3695
759
442
4609
4235
4804
1845
1781
4341
649
850
3808
1972
1000
3729
3840
235
2640
2833
2754
2225
4657
4681
4719
106
4280
36
3676
4307
2728
3027
95
2343
137
2791
2615
995
947
316
4040
4585
1369
928
736
4773
712
3335
1376
2107
3634
172
3812
3823
1269
4442
4264
4026
2451
2106
2895
2290
3209
984
153
4326
62
1226
2022
3829
2204
3493
700
279
2161
4831
2559
1192
4979
4744
2153
3869
3088
2365
4272
1926
4665
1218
2709
641
1386
4510
2859
4552
2267
4950
1749
1974
2134
4851
4936
74
2302
4570
2952
948
797
1321
1953
96
2181
4439
4894
3530
2324
254
1828
542
3486
1190
2712
419
3627
2692
1867
3400
4036
1564
3969
701
1980
1669
1634
568
1480
3952
3725
3932
941
1646
27
3981
2193
1493
4383
314
272
4946
3202
3907
1627
2408
4906
192
1993
2123
2714
4713
2759
907
3894
4651
4774
1324
1308
3575
471
304
2706
4337
2471
1981
1221
2642
4549
3476
4780
1797
84
4532
2620
1562
2155
1916
2346
1947
1540
2461
2283
1469
4587
3260
406
4844
3682
1056
3599
812
3307
1877
1247
4592
691
3856
3089
2501
1299
4588
3283
1796
3994
3411
3784
424
3412
3277
51
3609
444
4931
3525
2441
1415
2867
1035
526
188
798
4647
4530
3235
4820
4209
2373
3635
3114
2128
1650
378
100
1344
3783
4990
3919
985
4644
2672
1385
501
1905
3491
2678
4795
4805
218
2691
4492
4674
1024
3805
2169
1159
4003
4637
2806
2527
894
3631
4182
3911
2284
3375
1758
2717
290
435
2278
3763
792
3313
242
425
2862
1496
3646
2812
313
3207
4019
1295
1162
468
840
1892
2894
4445
3975
250
2837
2474
1573
2898
2349
4511
1291
4495
2660
4462
2526
3461
2899
1009
321
4922
3555
2729
4965
1227
4944
122
2820
3344
1417
366
2340
4536
2309
4985
2508
4636
1508
2394
532
4987
4276
3035
2178
2102
2254
4942
4604
3072
1263
732
1240
4000
2602
2556
3399
2889
2633
340
4387
3505
2301
3871
2386
57
1353
2234
1891
2781
2058
3879
4630
1531
2533
601
2961
3447
872
3410
608
4914
4916
933
3820
884
392
3935
4963
3716
3347
359
3190
845
2190
2325
282
3316
817
2943
2505
4421
400
3381
1880
3256
2694
604
545
4038
4860
4024
4611
720
4086
225
1603
4983
3392
4935
2246
2818
2587
534
4033
3408
2111
982
1129
1109
879
4065
1755
261
3752
2638
824
1565
2811
3465
1881
3848
125
2643
2259
1584
72
3303
3660
2376
2594
3162
685
4583
2588
4112
2879
1277
3723
950
2544
3744
2224
1185
2038
2945
4505
2088
3066
224
4789
4315
2341
1040
959
1862
3237
1780
344
3064
3698
1294
3365
3576
4803
3187
3091
4460
4624
4452
4886
4943
4663
206
1237
505
4021
3760
1598
1927
3389
942
1791
4192
1010
1069
3195
1559
1986
2831
78
1903
168
1766
2809
3376
1183
3925
2103
256
858
2849
1059
2006
661
245
2488
1346
3901
3782
33
2136
3775
3438
4832
1712
782
4433
3380
2116
3830
4843
1293
2975
1088
4071
3450
2581
4161
1882
777
681
1126
2327
592
179
3169
2531
1161
2124
262
1514
1695
4345
4855
3655
1824
2609
465
3563
1084
3531
2445
4081
4947
1416
2025
4339
1104
2893
1958
1624
3054
4239
1702
4362
2738
315
3602
952
2231
4450
4787
4605
3126
4977
857
3768
1144
1288
418
552
4075
2866
189
4046
1292
613
2698
3382
3372
1179
3196
3284
3547
1103
3397
4992
4680
2968
1671
4514
350
2251
3185
3822
4393
2810
1140
1151
1033
3502
774
3995
1359
4693
4274
4973
1244
4384
3771
975
3467
1995
3396
4766
2772
3363
4399
1599
771
3630
2973
1490
1101
3419
4142
4751
2442
4468
4360
3042
3113
541
3654
1072
219
773
3917
4746
4037
4402
417
2270
3642
3524
4702
4908
121
742
2245
1074
3824
3918
276
3466
3569
3343
4334
1761
638
448
4912
4128
2131
1390
1139
3137
4740
4078
2700
3701
4018
2148
4477
2766
4353
3329
4793
4812
52
3585
2681
4562
1991
1661
731
3251
2348
2529
3101
273
3327
3557
4400
3275
4612
3514
1633
2520
2013
2782
415
4476
337
3757
3208
2734
391
4344
3081
4738
3539
1304
4618
578
2467
3413
4582
2387
4093
4929
3504
2629
306
4139
1849
1135
1786
2631
234
2597
1167
1048
757
2232
2502
4403
1811
697
1923
4346
2004
428
200
1492
2009
4524
1398
2897
1440
2784
1989
55
4178
1130
482
2381
2072
2742
4176
3571
3915
1089
3865
4293
2635
1561
4054
3331
572
3041
1471
129
275
2932
2930
1911
1425
2359
1854
4551
3598
2956
2473
269
867
4469
4565
445
2071
1538
105
4788
2855
1906
644
750
1188
945
2718
2805
1769
4144
1929
1053
2798
997
809
4111
4012
696
2194
2109
1888
1123
4429
2440
1717
1818
2653
2130
4569
3360
4830
4573
4047
346
443
4668
3611
4967
703
1021
4834
2658
2213
4579
4049
1215
2589
634
5
868
4333
3433
3619
2690
4177
2848
570
148
1716
2274
585
2171
3900
128
2639
2845
1827
805
317
3404
962
2730
2650
733
4218
3178
1114
4861
3540
719
1942
3352
2417
2485
3364
373
2237
3103
4237
2092
3777
1626
426
2619
480
2537
3003
372
4798
1648
2018
3276
4282
4133
1108
3305
120
4167
2045
3063
2522
748
1699
1790
4699
964
1783
2496
4809
4623
4478
3948
2841
752
2366
3056
1286
1537
4590
2308
4035
4879
2914
1922
4558
3212
136
66
3542
2516
1938
2188
1601
1034
1744
1801
1207
4088
1438
3271
3837
1607
4219
2437
1663
1242
3280
1107
3204
3130
2987
518
4152
1389
4285
80
487
3833
2670
4380
4241
237
1930
423
3526
3621
1527
4704
3748
1375
3004
2750
594
851
1959
790
1941
1825
1739
716
7
4932
3321
1102
2145
1544
1842
2608
1275
2154
706
1507
2495
4475
222
4883
833
3705
3105
2788
1678
1962
1049
1270
1472
459
4289
3073
4925
2568
943
3708
1045
1148
2342
3767
1875
117
2512
4501
772
1566
2580
152
4370
1715
1322
4204
2218
4591
4823
2539
4966
3697
1201
1145
2051
1278
2652
1419
1339
4011
171
2263
503
2358
4904
4127
4042
530
1732
4296
1372
1279
1011
2093
3815
230
3053
63
1442
4493
2985
1697
3527
1047
4940
717
3926
3633
118
4041
1028
2972
590
637
4794
2649
2921
1204
2003
2737
76
3596
4571
3794
1687
587
3685
1361
2795
990
2936
3359
1176
1756
1300
1944
676
2804
4884
610
278
2869
2228
1017
562
3875
2647
2316
3603
3269
2027
4
504
2412
462
1919
3475
991
4629
2902
2105
2039
2593
2477
946
2753
4971
4682
196
2235
285
4135
596
2427
3354
143
161
2543
1570
4835
550
1551
3371
2099
246
3643
475
2281
698
4535
1306
4228
575
3679
347
2659
1963
1487
4122
241
3112
4970
4314
970
1136
4939
3319
4506
3057
258
2087
4625
5000
1311
58
4203
1662
3551
1932
3036
2080
1975
345
4017
362
4898
2191
2622
838
4208
1466
1622
2780
4373
4348
146
2663
3311
116
863
94
4807
1549
484
1719
3615
4690
1064
3535
4650
4290
1844
3600
297
1639
2931
2282
2037
3806
2243
1569
1203
12
4857
660
718
3556
1025
2260
1281
494
4706
2774
351
3304
1733
4444
2881
688
2552
2086
54
2318
1462
3338
470
524
1635
3154
2540
1534
1163
3459
4157
1365
1342
259
785
2724
2675
3394
1051
606
361
1848
3966
4596
4667
4175
2207
2418
1348
2209
3387
1895
810
784
4627
4816
2988
1752
405
4959
1615
4180
2550
4769
579
4251
208
4187
2903
929
1173
1704
1476
3818
692
1457
2767
4023
3497
4762
463
3714
490
166
4440
2538
2577
1255
1019
2563
533
4405
768
4989
2865
2575
302
3731
3480
2354
3924
4628
600
4193
4503
588
3189
82
491
1366
1153
2764
2758
4236
3860
3513
4543
1246
564
2351
1815
1060
4991
2201
1904
2307
2799
92
4643
3734
4638
2926
919
4838
3984
4648
4022
3033
1578
2212
3267
925
2545
968
2857
1898
3247
3094
2068
938
2287
574
630
1289
4964
4100
873
4712
2986
49
2357
4304
360
447
1082
4458
967
3730
2864
4498
334
4206
4061
4679
496
803
4920
3586
3472
764
19
2562
1228
2816
1407
4737
3687
4173
226
1517
274
673
3908
467
1305
4411
2794
4294
4481
1740
3934
2079
2484
2241
2481
1479
802
184
582
4606
2885
1042
977
2097
2623
1690
4231
1085
888
1597
472
801
2909
576
4539
3029
3219
4087
508
1267
1091
4013
4008
2410
2504
1373
3383
4389
1809
1497
3385
3388
1318
3022
589
2276
4928
4287
2223
4063
1488
3193
745
2801
2646
101
3082
4108
2413
356
1319
4778
2256
4172
4893
1940
3533
3268
243
2306
3080
1851
3021
53
1806
1498
981
4437
3013
3996
492
900
1413
4814
150
1057
2426
2012
3816
2182
3435
4544
1052
1900
4357
4720
2227
3215
1264
844
1004
1316
2547
3632
2288
4252
539
3702
683
126
2411
193
616
4089
2321
1680
2065
3403
4255
4432
4457
1737
1686
4687
2982
4684
1054
3941
2216
2361
4975
911
4232
4768
3481
4367
1090
3922
3538
187
621
163
2493
3587
1674
820
628
4577
4645
2992
2844
1688
1832
3972
3293
3762
3194
2112
3797
2935
1520
623
1542
1907
3441
4195
327
3624
3460
287
2929
1999
1792
815
3104
4382
3558
816
4799
3766
3659
2964
253
3883
3188
4825
2636
3868
4847
3844
4168
2008
3309
1664
3580
631
2390
2403
3085
512
3288
3870
528
434
3737
2752
1302
672
2084
3810
2453
2924
597
4649
1031
2046
875
300
3622
1802
3128
4398
1181
2941
1001
1692
1456
648
3255
1838
1141
2336
3983
2875
1177
1914
654
1967
3690
1150
2170
174
908
381
2854
1623
1399
281
1333
738
2699
398
202
1567
2655
1157
1446
42
3061
4335
1196
3982
2832
4358
228
754
999
2378
4633
4632
525
1098
2356
2422
3218
2377
4068
2273
2989
1282
4327
3910
3186
987
1571
1014
3297
331
1558
1343
4523
3650
3503
1708
2151
1142
3011
2720
1984
2523
4453
1694
4525
4949
1509
2674
1233
3118
3448
4305
4586
1309
1946
939
4146
2601
2951
2150
846
4749
369
2238
1990
1799
1887
2548
4537
4660
2239
791
1259
3545
2777
3291
3294
4675
2420
289
3167
1241
284
808
924
3804
1700
2840
40
489
323
1243
194
4465
1397
420
693
3253
4742
2268
4211
3393
70
4785
511
1936
4607
976
3678
4160
3664
1219
3802
3119
3648
560
217
1418
3904
599
3224
170
1950
1937
1404
632
4185
2775
4654
1012
2541
3258
4215
3295
2685
1110
1481
3456
4148
2186
1689
4136
3582
416
1619
4262
3832
3581
1539
2969
4009
1431
813
3570
1847
4378
4425
2515
912
2195
3334
3286
2963
3340
627
675
1212
182
2762
1381
4540
3058
1774
22
288
4435
4526
1613
1314
1746
3060
2826
3165
3895
303
1660
2114
650
2110
1424
4608
4137
3799
4423
4415
429
2104
1146
3683
1553
1996
3825
1606
4470
4545
3420
3675
2000
4332
2755
2518
3970
4464
2455
67
2955
2592
1869
3414
3821
3095
3993
2860
4074
4548
765
1340
3214
3299
4085
4822
3239
3593
4594
2074
4819
2430
3285
2384
3933
1268
2118
4546
3561
1772
1840
4658
3314
3976
2297
2740
2603
551
4377
4299
3589
1411
1272
4067
348
1120
2815
3828
2938
1637
740
4213
2028
4581
154
2733
2141
602
915
1810
2870
132
2560
3111
1137
3887
556
3407
3281
89
4224
2279
3814
4711
2172
2035
1352
2771
1303
3462
3574
4796
1002
3008
1616
4044
4999
1576
3377
3774
3159
1602
1235
2419
2167
1745
807
3055
3233
4279
2029
3084
3841
2444
4103
4566
4960
1093
1725
4733
966
4890
2229
953
3223
3722
1452
4802
4599
16
102
3164
2507
2436
3201
4312
3222
3153
1338
2457
2221
1354
4818
2335
2749
99
1511
2415
2447
4064
1494
1554
4359
4426
4164
4424
3853
4728
2233
3498
1874
1131
1884
1013
2054
2819
663
4254
1541
4572
2558
1211
4598
3485
1448
1658
3484
1924
3950
3473
3944
4489
3161
4253
2275
4441
198
2160
3786
1420
3138
2137
2888
917
2398
3888
1860
3308
1026
3425
913
905
4727
2873
32
577
3225
4982
2469
2073
3953
8
1762
2330
4697
1638
3301
4895
4325
3023
954
2578
3852
1653
4891
3014
4634
2064
3102
2421
2077
156
1966
1447
1964
2561
1254
4266
3512
2793
4336
1280
2363
3522
401
2480
2466
1976
1890
4701
2626
3330
4686
2617
2147
2032
670
563
3699
298
1731
1782
4368
2915
2143
210
2483
431
2517
1550
1951
1449
2214
3409
4764
3584
3800
4163
1519
3077
3287
1023
1489
1362
1422
2402
1134
2856
3384
421
270
1971
4870
3967
1432
133
4246
4542
3686
2498
4275
216
1530
3093
4443
3930
591
1776
2979
3070
2067
3100
3921
3899
1751
2063
4777
4410
4202
2448
4156
3532
4863
2399
835
2778
299
4829
877
854
1592
2554
1668
3431
1948
3320
3793
239
1896
2450
2744
1548
1547
795
3876
4763
1495
3669
2627
1435
394
387
2567
3792
3243
1296
607
2199
4517
2570
3579
841
4145
4010
951
1672
2305
1675
4229
1611
1897
2041
413
3956
3727
3017
2991
1723
1273
1168
1563
1957
397
2725
3591
1155
2396
1115
1105
4903
3764
1605
4669
2632
3741
2569
3292
2085
2800
2536
1355
4709
1701
4937
1410
1443
2331
2557
3562
3160
3302
507
165
4574
580
983
1468
2210
4955
2704
3310
1714
2125
3721
2645
2244
4786
2319
3746
457
1920
3265
536
937
2673
647
3880
1363
4340
3909
1532
677
4390
3977
3405
227
3680
2937
1175
205
1705
723
4848
4917
4032
98
4316
3241
2163
3135
4309
87
3958
90
2836
2850
2100
3791
2031
2882
1205
897
4876
2083
2993
4401
4698
3770
3007
789
432
1283
4801
104
502
3549
1441
1326
3339
3954
620
4642
1620
1231
69
622
2976
1453
4427
2907
244
1473
1670
363
295
3623
4603
3228
3216
124
1736
3903
3608
3644
779
4858
3989
4110
47
352
4082
4461
473
2189
486
2360
2379
4759
2291
2140
79
1061
2159
4515
2590
878
2317
1307
2202
699
2286
3834
758
2637
2220
2912
4210
1236
521
3573
2157
1935
2382
3166
215
3565
4862
2333
4513
1360
2393
4849
1297
3039
2939
828
2289
3541
4058
1902
4757
1249
2375
2098
4958
2247
843
2977
343
1631
3131
4716
2152
3065
93
4595
3612
4934
680
896
2785
395
4550
1912
414
3139
1331
4619
814
4821
3517
1158
1632
2959
1908
24
1350
3492
4385
889
4753
1943
4454
180
1402
617
645
3437
1327
4783
1925
2727
1600
3740
3386
3078
4114
2839
2874
71
559
2113
2591
3866
2741
1711
940
4613
4915
3244
3711
4169
3146
4298
4104
449
3842
4342
4438
15
3978
2960
4867
1171
4480
753
1817
1015
1997
611
921
4792
1977
4689
469
4392
2479
1939
2424
4808
3452
1096
3048
2677
335
2944
3743
3951
2947
1734
2264
1808
1328
3819
1071
43
1546
3588
